==== 0x140de84bc
{"address":"140de84bc","length":16,"data":[0,0,128,62,141,237,181,160,247,198,176,62,241,104,227,136],"hex":"0000803e8dedb5a0f7c6b03ef168e388"}
==== 0x140de84d0
{"address":"140de84d0","length":16,"data":[72,225,122,63,0,0,0,0,154,153,153,153,153,153,185,63],"hex":"48e17a3f000000009a9999999999b93f"}
==== 0x140de7550
{"address":"140de7550","length":16,"data":[255,255,255,127,255,255,255,127,255,255,255,127,255,255,255,127],"hex":"ffffff7fffffff7fffffff7fffffff7f"}
==== 0x140de2ec4
{"address":"140de2ec4","length":16,"data":[0,0,128,0,0,0,0,63,0,0,192,65,0,0,122,68],"hex":"000080000000003f0000c04100007a44"}
==== 0x140de2ed4
{"address":"140de2ed4","length":16,"data":[255,255,127,127,0,0,128,191,255,255,255,255,205,204,204,62],"hex":"ffff7f7f000080bfffffffffcdcccc3e"}
==== 0x140de5a84
{"address":"140de5a84","length":16,"data":[23,183,209,56,111,18,131,58,205,204,204,61,154,153,25,63],"hex":"17b7d1386f12833acdcccc3d9a99193f"}
==== 0x14111d940
{"address":"14111d940","length":16,"data":[0,0,0,0,0,0,0,0,0,0,0,0,0,0,128,63],"hex":"0000000000000000000000000000803f"}
==== 0x140de2b44
{"address":"140de2b44","length":16,"data":[0,0,128,63,0,0,0,0,0,0,0,0,0,0,0,128],"hex":"0000803f000000000000000000000080"}
==== 0x140de2b50
{"address":"140de2b50","length":16,"data":[0,0,0,128,0,0,0,128,0,0,0,128,0,0,0,128],"hex":"00000080000000800000008000000080"}
==== 0x140de2ec8
{"address":"140de2ec8","length":16,"data":[0,0,0,63,0,0,192,65,0,0,122,68,255,255,127,127],"hex":"0000003f0000c04100007a44ffff7f7f"}
==== 0x140de9234
{"address":"140de9234","length":16,"data":[119,190,127,63,80,83,79,86,73,83,58,32,115,97,109,112],"hex":"77be7f3f50534f5649533a2073616d70"}
