==== 0x140f94b90 ====
{"address":"140f94b90","length":32,"data":[255,255,255,127,0,0,0,0,0,0,0,0,0,0,0,0,0,0,128,63,0,0,0,0,0,0,0,0,0,0,0,0],"hex":"ffffff7f0000000000000000000000000000803f000000000000000000000000"}
==== 0x140f94ba0 ====
{"address":"140f94ba0","length":32,"data":[0,0,128,63,0,0,0,0,0,0,0,0,0,0,0,0,0,0,0,63,0,0,0,0,0,0,0,0,0,0,0,0],"hex":"0000803f0000000000000000000000000000003f000000000000000000000000"}
==== 0x140f94bb0 ====
{"address":"140f94bb0","length":32,"data":[0,0,0,63,0,0,0,0,0,0,0,0,0,0,0,0,0,0,0,57,0,0,0,0,0,0,0,0,0,0,0,0],"hex":"0000003f00000000000000000000000000000039000000000000000000000000"}
==== 0x140f94bc0 ====
{"address":"140f94bc0","length":32,"data":[0,0,0,57,0,0,0,0,0,0,0,0,0,0,0,0,219,15,201,63,0,0,0,0,0,0,0,0,0,0,0,0],"hex":"00000039000000000000000000000000db0fc93f000000000000000000000000"}
==== 0x140f94bd0 ====
{"address":"140f94bd0","length":32,"data":[219,15,201,63,0,0,0,0,0,0,0,0,0,0,0,0,0,0,0,0,219,15,201,63,0,0,0,0,219,15,201,63],"hex":"db0fc93f00000000000000000000000000000000db0fc93f00000000db0fc93f"}
==== 0x144904570 ====
{"address":"144904570","length":32,"data":[165,170,42,190,165,170,42,190,165,170,42,190,165,170,42,190,115,135,8,60,115,135,8,60,115,135,8,60,115,135,8,60],"hex":"a5aa2abea5aa2abea5aa2abea5aa2abe7387083c7387083c7387083c7387083c"}
==== 0x144904580 ====
{"address":"144904580","length":32,"data":[115,135,8,60,115,135,8,60,115,135,8,60,115,135,8,60,25,5,47,54,25,5,47,54,25,5,47,54,25,5,47,54],"hex":"7387083c7387083c7387083c7387083c19052f3619052f3619052f3619052f36"}
==== 0x144904590 ====
{"address":"144904590","length":32,"data":[25,5,47,54,25,5,47,54,25,5,47,54,25,5,47,54,0,32,34,52,0,32,34,52,0,32,34,52,0,32,34,52],"hex":"19052f3619052f3619052f3619052f3600202234002022340020223400202234"}
==== 0x1449045a0 ====
{"address":"1449045a0","length":32,"data":[0,32,34,52,0,32,34,52,0,32,34,52,0,32,34,52,26,97,180,44,26,97,180,44,26,97,180,44,26,97,180,44],"hex":"002022340020223400202234002022341a61b42c1a61b42c1a61b42c1a61b42c"}
==== 0x1449045b0 ====
{"address":"1449045b0","length":32,"data":[26,97,180,44,26,97,180,44,26,97,180,44,26,97,180,44,0,160,125,58,0,160,125,58,0,160,125,58,0,160,125,58],"hex":"1a61b42c1a61b42c1a61b42c1a61b42c00a07d3a00a07d3a00a07d3a00a07d3a"}
==== 0x1449045c0 ====
{"address":"1449045c0","length":32,"data":[0,160,125,58,0,160,125,58,0,160,125,58,0,160,125,58,0,0,73,64,0,0,73,64,0,0,73,64,0,0,73,64],"hex":"00a07d3a00a07d3a00a07d3a00a07d3a00004940000049400000494000004940"}
==== 0x1449045d0 ====
{"address":"1449045d0","length":32,"data":[0,0,73,64,0,0,73,64,0,0,73,64,0,0,73,64,0,64,28,70,0,64,28,70,0,64,28,70,0,64,28,70],"hex":"0000494000004940000049400000494000401c4600401c4600401c4600401c46"}
==== 0x1449045e0 ====
{"address":"1449045e0","length":32,"data":[0,64,28,70,0,64,28,70,0,64,28,70,0,64,28,70,131,249,162,62,131,249,162,62,131,249,162,62,131,249,162,62],"hex":"00401c4600401c4600401c4600401c4683f9a23e83f9a23e83f9a23e83f9a23e"}
==== 0x1449045f0 ====
{"address":"1449045f0","length":32,"data":[131,249,162,62,131,249,162,62,131,249,162,62,131,249,162,62,255,255,255,127,255,255,255,127,255,255,255,127,255,255,255,127],"hex":"83f9a23e83f9a23e83f9a23e83f9a23effffff7fffffff7fffffff7fffffff7f"}
